Greedo 4,0 4,7.5 7,7.5 7,3 9,0 7,0 4,0
John 1.2,3.4 5.6,7.8 9.0,1.2 3.4,5.6
Alice -2.3,4.5 6.7,-8.9 0.1,2.3 -4.5,6.7
Greedo 4,0 4,7.5 7,7.5 7,3 9,0 7,0 4,0
John 1.2,3.4 5.6,7.8 9.0,1.2 3.4,5.6
Alice -2.3,4.5 6.7,-8.9 0.1,2.3 -4.5,6.7
Greedo 4,0 4,7.5 7,7.5 7,3 9,0 7,0 4,0
John 1.2,3.4 5.6,7.8 9.0,1.2 3.4,5.6
Alice -2.3,4.5 6.7,-8.9 0.1,2.3 -4.5,6.7
Greedo 4,0 4,7.5 7,7.5 7,3 9,0 7,0 4,0
John 1.2,3.4 5.6,7.8 9.0,1.2 3.4,5.6
Alice -2.3,4.5 6.7,-8.9 0.1,2.3 -4.5,6.7
Greedo 4,0 4,7.5 7,7.5 7,3 9,0 7,0 4,0
John 1.2,3.4 5.6,7.8 9.0,1.2 3.4,5.6
Alice -2.3,4.5 6.7,-8.9 0.1,2.3 -4.5,6.7
Greedo 4,0 4,7.5 7,7.5 7,3 9,0 7,0 4,0
John 1.2,3.4 5.6,7.8 9.0,1.2 3.4,5.6
Alice -2.3,4.5 6.7,-8.9 0.1,2.3 -4.5,6.7

